7.155805999999999799e-03
3.151089000000000147e-03
-1.367565999999999921e-02
2.230581599999999914e-02
2.707570800000000128e-03
3.634393199999999828e-04
4.875660000000000004e-05
8.195638999999999951e-06
1.758336999999999925e-06
8.940696999999999819e-08
8.940696999999999819e-08
8.940696999999999819e-08
-6.204455999999999687e-03
-1.667752899999999996e-02
-1.689711199999999885e-02
1.104384699999999943e-03
1.891273300000000102e-02
1.997572200000000131e-02
2.397149800000000167e-03
-1.699849999999999972e-02
1.426070899999999989e-02
1.938342999999999924e-03
-4.281491000000000116e-03
-1.171266999999999968e-02
