-4.020726399999999812e-01
-3.824593399999999810e-01
-3.922659800000000141e-01
-4.118793000000000037e-01
-4.118793000000000037e-01
-4.118793000000000037e-01
-4.118793000000000037e-01
-4.118793000000000037e-01
-4.118793000000000037e-01
-4.118793000000000037e-01
-4.118793000000000037e-01
-4.020726399999999812e-01
-4.020726399999999812e-01
-4.020726399999999812e-01
-4.118793000000000037e-01
-4.118793000000000037e-01
-3.922659800000000141e-01
-4.412992299999999868e-01
-4.020726399999999812e-01
-4.216859299999999866e-01
-4.020726399999999812e-01
-3.824593399999999810e-01
-4.118793000000000037e-01
