-2.209091200000000074e-02
-3.014564499999999869e-02
7.513046300000000323e-03
1.008987399999999954e-03
1.697540300000000035e-04
2.861023000000000136e-05
4.768371600000000267e-06
1.907348600000000046e-06
1.907348600000000046e-06
1.907348600000000046e-06
1.391410800000000099e-03
-2.198219300000000057e-03
2.367973299999999882e-03
-1.064586600000000036e-02
3.103256200000000051e-03
-2.517795600000000134e-02
-1.820659599999999850e-02
8.666038500000000644e-03
-2.623558000000000140e-02
-1.657581299999999827e-02
-5.782127399999999889e-03
-2.226543400000000061e-02
