-3.130614800000000152e-03
-7.317930500000000005e-03
7.459759699999999639e-03
-1.491129400000000028e-03
-1.600980799999999896e-04
-2.685189200000000098e-05
-4.529952999999999588e-06
-7.748604000000000131e-07
-5.960464500000000598e-08
-5.960464500000000598e-08
-5.960464500000000598e-08
1.552996000000000064e-02
1.096129400000000077e-03
-2.560064199999999984e-02
-4.728645000000000070e-03
-2.030015000000000031e-03
1.492252900000000035e-02
1.706227700000000069e-02
6.279528000000000366e-03
1.211744550000000073e-02
-5.080521000000000169e-03
9.575247999999999746e-03
3.576666100000000081e-03
