-3.040061299999999855e-01
-2.941995000000000027e-01
-3.040061299999999855e-01
-3.040061299999999855e-01
-3.040061299999999855e-01
-3.040061299999999855e-01
-3.040061299999999855e-01
-3.040061299999999855e-01
-3.040061299999999855e-01
-3.040061299999999855e-01
-3.040061299999999855e-01
-3.138128000000000029e-01
-3.236194600000000254e-01
-2.941995000000000027e-01
-3.138128000000000029e-01
-3.040061299999999855e-01
-2.941995000000000027e-01
-3.138128000000000029e-01
-3.334261000000000030e-01
-3.138128000000000029e-01
-3.138128000000000029e-01
-3.040061299999999855e-01
-2.941995000000000027e-01
