9.139796999999999727e+00
9.139796999999999727e+00
9.139796999999999727e+00
9.159409999999999386e+00
9.159409999999999386e+00
9.159409999999999386e+00
9.159409999999999386e+00
9.159409999999999386e+00
9.159409999999999386e+00
9.159409999999999386e+00
9.159409999999999386e+00
9.139796999999999727e+00
9.149604000000000070e+00
9.188829999999999387e+00
9.139796999999999727e+00
9.139796999999999727e+00
9.139796999999999727e+00
9.149604000000000070e+00
9.169216999999999729e+00
9.149604000000000070e+00
9.120184000000000069e+00
9.139796999999999727e+00
9.129991000000000412e+00
