1.745329199999999872e-02
1.745329199999999872e-02
1.745329199999999872e-02
1.745329199999999872e-02
1.745329199999999872e-02
1.745329199999999872e-02
1.745329199999999872e-02
1.745329199999999872e-02
1.745329199999999872e-02
1.745329199999999872e-02
1.745329199999999872e-02
1.745329199999999872e-02
1.745329199999999872e-02
1.745329199999999872e-02
1.745329199999999872e-02
1.745329199999999872e-02
1.745329199999999872e-02
1.745329199999999872e-02
1.745329199999999872e-02
1.745329199999999872e-02
1.745329199999999872e-02
