4.320000000000000284e+01
4.320000000000000284e+01
4.320000000000000284e+01
4.320000000000000284e+01
4.320000000000000284e+01
4.320000000000000284e+01
4.320000000000000284e+01
4.320000000000000284e+01
4.320000000000000284e+01
4.320000000000000284e+01
4.320000000000000284e+01
4.320000000000000284e+01
4.320000000000000284e+01
4.320000000000000284e+01
4.320000000000000284e+01
4.320000000000000284e+01
4.320000000000000284e+01
4.320000000000000284e+01
4.320000000000000284e+01
4.320000000000000284e+01
4.320000000000000284e+01
