1.650000000000000000e+01
1.650000000000000000e+01
1.650000000000000000e+01
1.650000000000000000e+01
1.650000000000000000e+01
1.650000000000000000e+01
1.650000000000000000e+01
1.650000000000000000e+01
1.650000000000000000e+01
1.650000000000000000e+01
1.650000000000000000e+01
1.650000000000000000e+01
1.650000000000000000e+01
1.650000000000000000e+01
1.650000000000000000e+01
1.650000000000000000e+01
1.650000000000000000e+01
1.650000000000000000e+01
1.650000000000000000e+01
1.650000000000000000e+01
