0.000000000000000000e+00
1.490000000000000000e+02
3.690000000000000000e+02
5.520000000000000000e+02
7.370000000000000000e+02
9.250000000000000000e+02
1.082000000000000000e+03
1.239000000000000000e+03
1.501000000000000000e+03
1.679000000000000000e+03
1.860000000000000000e+03
2.015000000000000000e+03
2.165000000000000000e+03
2.313000000000000000e+03
2.463000000000000000e+03
2.605000000000000000e+03
2.752000000000000000e+03
2.885000000000000000e+03
3.019000000000000000e+03
3.161000000000000000e+03
3.270000000000000000e+03
3.454000000000000000e+03
3.614000000000000000e+03
3.757000000000000000e+03
