0.190997	0.455959247
0.824116	
0.667796	
0.797261	
0.790956	
0.967615	
0.723112	
0.754083	
0.806397	
0.839254	
0.836598	
0.81777	
0.807955	
0.831908	
0.625513	
0.592859	
0.261915	
0.299498	
0.335389	
0.522875	
0.594958	
0.405795	
0.436934	
0.539161	
0.474753	
0.436094	
0.27639	
0.068564	
0.041654	
0.039703	
0.099864	
0.183529	
0.568763	
0.282584	
0.31791	
0.677051	
0.428951	
0.583428	
0.354663	
0.438565	
0.27175	
0.394946	
0.222748	
0.301206	
0.267665	
0.25171	
0.235227	
0.369674	
0.492601	
0.547931	
0.736422	
0.714134	
0.643214	
0.683769	
0.311344	
0.335465	
0.915389	
0.751229	
0.670239	
0.550357	
0.65124	
0.586329	
0.700825	
0.680087	
0.690594	
0.682913	
0.763499	
0.859816	
0.901647	
0.780992	
0.570259	
0.689718	
0.69018	
0.543325	
0.79682	
0.967434	
0.80838	
0.632365	
0.675616	
0.894417	
0.798422	
0.851013	
0.647322	
0.610368	
0.835777	
0.443822	
0.375597	
0.836227	
0.750171	
0.566915	
0.793027	
0.800036	
0.603348	
0.389394	
0.388526	
0.840641	
0.581172	
0.62702	
0.527405	
0.573748	
0.557441	
0.441116	
0.651097	
0.504296	
0.710749	
0.783723	
0.742184	
0.670885	
0.746841	
0.362061	
0.483629	
0.303724	
0.226243	
0.549058	
0.479369	
0.397913	
0.531386	
0.795882	
0.42961	
0.631297	
0.330149	
0.500205	
0.304772	
0.661036	
0.799007	
0.646041	
0.691275	
0.806738	
0.670334	
0.699195	
0.680794	
0.583102	
0.759314	
0.807607	
0.596459	
0.724331	
0.979068	
0.880276	
0.754278	
0.335072	
0.659019	
0.61889	
0.656717	
0.724731	
0.788726	
0.567024	
0.333277	
0.261561	
0.659798	
0.588373	
0.593065	
0.545021	
0.446454	
0.145745	
0.130883	
0.712418	
0.668589	
0.521196	
0.436868	
0.716748	
0.501739	
0.195372	
0.253688	
0.549262	
0.31327	
0.084962	
0.395781	
0.540938	
0.497962	
0.540612	
0.304088	
0.403936	
0.465417	
0.478757	
0.520488	
0.601209	
0.253003	
0.13121	
0.526862	
0.632869	
0.759032	
0.69221	
0.654767	
0.526755	
0.614688	
0.637373	
0.684678	
0.632011	
0.754197	
0.645176	
0.550796	
0.704309	
0.728385	
0.717468	
0.792103	
0.761755	
0.805607	
0.722344	
0.763928	
0.619651	
0.583641	
0.574428	
0.637788	
0.523002	
0.761688	
0.482306	
0.844827	
0.380224	
0.455923	
0.502825	
0.499173	
0.565601	
0.68931	
0.662047	
0.703014	
0.608033	
0.599257	
0.58174	
0.169444	
0.175049	
1.001415	
0.753655	
0.582062	
0.602809	
0.547866	
0.385877	
0.704072	
0.464975	
0.216542	
0.230983	
0.274587	
0.435307	
0.582425	
0.563274	
0.570467	
0.557123	
0.502408	
0.464763	
0.301719	
0.685123	
0.556841	
0.354013	
0.328136	
0.21507	
0.29449	
0.429664	
0.262293	
0.694875	
0.82052	
0.616052	
0.548252	
0.413456	
0.391211	
0.741052	
0.74607	
0.636132	
0.742515	
0.441305	
0.424627	
0.591905	
0.59371	
0.584307	
0.560492	
0.438236	
0.411553	
0.483363	
0.762463	
0.579029	
0.229691	
0.206694	
0.163938	
0.453858	
0.276622	
0.671092	
0.640992	
0.714606	
0.676088	
0.494657	
0.752027	
0.496776	
0.31182	
0.479035	
0.929398	
0.903183	
0.560799	
0.558042	
0.824793	
0.792427	
0.799912	
0.822447	
0.707481	
0.348959	
0.804626	
0.320905	
0.459953	
0.900841	
0.733813	
0.63969	
0.675778	
0.654231	
0.67005	
0.599522	
0.812462	
0.506333	
0.356174	
0.78035	
0.762256	
0.703773	
0.730235	
0.607507	
0.640314	
0.710121	
0.545671	
0.344575	
0.337869	
0.196527	
0.382138	
0.889517	
0.634836	
0.89739	
0.62089	
0.58605	
0.428022	
0.699983	
0.761635	
0.686499	
0.758493	
0.794856	
0.654248	
0.587683	
0.325275	
0.116682	
0.412059	
0.486718	
0.266463	
0.682569	
0.570025	
0.462918	
0.70145	
0.67348	
0.538429	
0.691311	
0.504928	
0.584709	
0.548618	
0.583005	
0.616871	
0.709714	
0.495278	
0.583468	
0.55652	
0.558216	
0.676544	
0.662891	
0.491791	
0.513882	
0.252726	
0.459732	
0.199183	
0.448941	
0.208376	
0.043973	
0.047199	
0.021731	
0.098906	
0.114616	
0.108106	
0.066102	
0.042709	
0.046746	
0.061142	
0.100976	
0.179018	
0.107809	
0.040209	
0.024554	
0.043195	
0.051463	
0.084135	
0.14096	
0.045274	
0.338104	
0.23255	
0.095515	
0.130465	
0.131128	
0.342331	
0.252339	
0.283967	
0.175182	
0.122732	
0.429313	
0.412725	
0.286668	
0.214674	
0.685989	
0.613661	
0.222967	
0.172414	
0.13936	
0.123365	
0.10558	
0.189208	
0.307477	
0.670198	
0.947232	
0.467453	
0.386745	
0.296824	
0.431266	
0.57776	
0.185428	
0.158856	
0.157118	
0.093545	
0.143567	
0.210188	
0.181033	
0.084392	
0.150478	
0.272466	
0.179879	
0.323099	
0.308268	
0.313309	
0.517868	
0.608733	
0.650874	
0.670307	
0.523841	
0.599256	
0.381624	
0.543667	
0.245425	
0.611802	
0.42268	
0.500924	
0.399554	
0.393382	
0.382413	
0.352494	
0.27271	
0.23579	
0.074148	
0.248853	
0.032178	
0.034129	
0.066928	
0.025798	
0.049717	
0.079078	
0.14487	
0.085216	
0.032414	
0.066868	
0.10051	
0.593708	
0.491767	
0.407082	
0.255216	
0.079551	
0.038101	
0.063679	
0.248062	
0.070714	
0.084344	
0.027971	
0.304489	
0.15242	
0.474175	
0.126382	
0.119642	
0.17661	
0.080611	
0.115727	
0.658242	
0.139073	
0.108027	
0.058754	
0.074039	
0.059318	
0.066701	
0.052445	
0.081441	
0.039773	
0.052004	
0.126682	
0.13066	
0.061334	
0.198637	
0.054972	
0.057376	
0.220762	
0.10306	
0.124004	
0.231456	
0.075602	
0.0808	
0.03794	
0.050285	
0.083028	
0.06646	
0.076032	
0.084254	
0.0919	
0.394086	
0.345968	
0.199212	
0.118501	
0.059284	
0.087509	
0.067483	
0.047096	
0.072107	
0.041141	
0.075551	
0.032715	
0.415864	
0.141073	
