0.187279
0.552802
0.509544
0.574899
0.562185
0.674001
0.611535
0.497478
0.453999
0.587540
0.691959
0.583348
0.589754
0.604151
0.453641
0.429524
0.179115
0.194528
0.232509
0.349591
0.411994
0.282574
0.317857
0.419058
0.339652
0.304563
0.187952
0.054268
0.029064
0.036550
0.063677
0.154135
0.377768
0.195430
0.211515
0.458997
0.290926
0.418500
0.245744
0.298687
0.191069
0.286530
0.187609
0.219594
0.202435
0.195046
0.187866
0.260849
0.338905
0.376844
0.508254
0.493493
0.473877
0.480682
0.223157
0.221262
0.690777
0.532137
0.481122
0.403481
0.437556
0.414067
0.484635
0.494773
0.489029
0.542127
0.576434
0.565510
0.615621
0.514405
0.375141
0.531186
0.507069
0.417698
0.581012
0.682780
0.541462
0.424779
0.451052
0.541498
0.478923
0.522412
0.463124
0.428945
0.596418
0.330391
0.266974
0.592007
0.516949
0.440270
0.526072
0.477736
0.396570
0.258736
0.307046
0.587492
0.390325
0.426194
0.414095
0.421681
0.380686
0.329688
0.432633
0.322508
0.535658
0.562020
0.504650
0.447853
0.532082
0.267831
0.343922
0.234781
0.193870
0.394665
0.377826
0.274704
0.321188
0.505071
0.244212
0.382279
0.272394
0.377337
0.255794
0.485203
0.556885
0.467182
0.493227
0.565485
0.467389
0.477027
0.471152
0.434155
0.584741
0.529027
0.389602
0.526212
0.658957
0.500883
0.453240
0.219704
0.446972
0.456330
0.434990
0.465179
0.587881
0.348196
0.224396
0.206395
0.522405
0.422074
0.377003
0.383019
0.295192
0.103975
0.101825
0.520019
0.453008
0.387498
0.286930
0.524897
0.364573
0.147437
0.193715
0.429012
0.214669
0.070624
0.248056
0.346744
0.357326
0.371435
0.208535
0.286607
0.341895
0.333906
0.362446
0.398442
0.211074
0.099028
0.378364
0.449343
0.580845
0.539840
0.419411
0.336670
0.406645
0.439160
0.481159
0.445247
0.543694
0.502504
0.337587
0.397241
0.458194
0.383196
0.428850
0.452786
0.483918
0.423971
0.452991
0.365711
0.368882
0.360996
0.371469
0.347108
0.469743
0.347847
0.601932
0.250208
0.323601
0.366983
0.354494
0.392564
0.478987
0.453843
0.481471
0.393493
0.412255
0.375861
0.093120
0.119115
0.668533
0.561618
0.416940
0.415671
0.360352
0.308230
0.539402
0.282660
0.141123
0.133205
0.195496
0.301579
0.388816
0.391074
0.389911
0.397236
0.372106
0.310383
0.221737
0.564033
0.412369
0.258646
0.226408
0.146200
0.219957
0.301397
0.189062
0.495846
0.545885
0.387392
0.357300
0.273663
0.308136
0.529506
0.499997
0.417540
0.524792
0.310354
0.293039
0.423383
0.395581
0.381098
0.363653
0.283580
0.329151
0.343018
0.551328
0.384077
0.148063
0.142783
0.125494
0.324487
0.191412
0.439057
0.445481
0.491904
0.441086
0.357331
0.525879
0.329887
0.203384
0.351829
0.618426
0.572568
0.310753
0.416905
0.557508
0.454263
0.531940
0.543036
0.479664
0.264940
0.542885
0.213136
0.328272
0.625006
0.497328
0.421244
0.461114
0.432304
0.502404
0.395473
0.573902
0.304277
0.269452
0.606679
0.490464
0.480231
0.496817
0.403703
0.440087
0.486488
0.358529
0.265455
0.237033
0.141891
0.280590
0.611999
0.436801
0.736357
0.429637
0.467323
0.335807
0.569885
0.605176
0.507225
0.569027
0.577263
0.483363
0.433350
0.215812
0.080902
0.325464
0.301259
0.223261
0.437547
0.317829
0.257731
0.507906
0.483886
0.381635
0.472178
0.351919
0.382499
0.421025
0.397003
0.437660
0.494664
0.372728
0.425408
0.391475
0.403639
0.467218
0.477378
0.340612
0.366179
0.177934
0.330525
0.145910
0.314122
0.173545
0.055750
0.047276
0.016669
0.079117
0.088944
0.083174
0.046448
0.038009
0.048610
0.049160
0.088020
0.138193
0.065309
0.042955
0.036650
0.028552
0.022929
0.072314
0.133130
0.014288
0.285174
0.149797
0.056043
0.098630
0.068592
0.266616
0.195519
0.202338
0.132725
0.095332
0.311357
0.296934
0.205855
0.150339
0.494113
0.433428
0.156398
0.116102
0.095322
0.084111
0.082128
0.126500
0.233049
0.470450
0.532401
0.337951
0.303463
0.198253
0.354594
0.387457
0.145276
0.092797
0.099759
0.071005
0.096435
0.158683
0.129847
0.060254
0.108689
0.197661
0.142374
0.229878
0.222883
0.213093
0.357041
0.432728
0.463080
0.474439
0.385179
0.420416
0.261849
0.415962
0.166916
0.424082
0.339517
0.341165
0.246046
0.292879
0.276293
0.252822
0.188956
0.160170
0.072191
0.100159
0.042799
0.041135
0.054061
0.031851
0.043460
0.041078
0.096759
0.045861
0.023089
0.051537
0.064150
0.437558
0.337114
0.287361
0.171868
0.030003
0.042553
0.060114
0.187044
0.072453
0.062180
0.042713
0.234678
0.114720
0.350510
0.101135
0.095461
0.113719
0.062662
0.096236
0.372363
0.101311
0.076956
0.045867
0.054706
0.062349
0.043460
0.059905
0.074317
0.032957
0.050731
0.105198
0.092953
0.048922
0.148798
0.044196
0.044227
0.163441
0.074251
0.094246
0.167025
0.058243
0.063601
0.032780
0.044359
0.062176
0.053986
0.061906
0.067785
0.068660
0.289057
0.234792
0.141931
0.085418
0.043251
0.064100
0.057732
0.046648
0.062602
0.032823
0.063946
0.042019
0.293068
0.104699