0.183723
0.267615
0.217928
0.257948
0.246134
0.314413
0.266853
0.264154
0.267653
0.278397
0.279926
0.281923
0.263137
0.264894
0.212236
0.182618
0.090419
0.093655
0.115043
0.164668
0.181010
0.132197
0.142012
0.159896
0.159412
0.150852
0.088925
0.026433
0.024095
0.027938
0.038158
0.075969
0.167875
0.088890
0.149854
0.210379
0.172629
0.210073
0.137418
0.165479
0.115239
0.116016
0.072699
0.102429
0.092248
0.091959
0.083563
0.110912
0.171207
0.183713
0.247078
0.244541
0.213515
0.236675
0.122313
0.110697
0.253922
0.242250
0.216834
0.242774
0.211837
0.220802
0.234980
0.220437
0.227374
0.233783
0.264266
0.279931
0.304003
0.298380
0.204448
0.248530
0.236839
0.188636
0.238649
0.295678
0.285962
0.247710
0.261940
0.299900
0.270204
0.276976
0.224054
0.198574
0.280198
0.164531
0.139908
0.259515
0.244698
0.195893
0.243834
0.250755
0.227702
0.151624
0.137856
0.249576
0.180576
0.200121
0.190473
0.202515
0.182113
0.151265
0.210940
0.187256
0.251774
0.240846
0.240859
0.213629
0.239117
0.129692
0.148336
0.117036
0.091873
0.174959
0.165349
0.146796
0.156367
0.218810
0.125531
0.186392
0.115113
0.177158
0.121919
0.202889
0.235748
0.221666
0.223175
0.252299
0.227321
0.221524
0.224146
0.190616
0.258316
0.287450
0.212651
0.256054
0.308699
0.291777
0.259363
0.123293
0.211581
0.223136
0.302555
0.256967
0.281175
0.195200
0.113575
0.101366
0.214736
0.235421
0.189406
0.179515
0.144864
0.055114
0.071699
0.225539
0.257794
0.261241
0.164441
0.236986
0.199357
0.084418
0.095379
0.154929
0.103571
0.045186
0.112767
0.160841
0.159778
0.239770
0.111170
0.130826
0.157736
0.156707
0.169022
0.203887
0.112057
0.048079
0.162976
0.205567
0.228178
0.252800
0.235020
0.210352
0.230803
0.212428
0.231950
0.201199
0.240224
0.224713
0.203053
0.214748
0.233545
0.220770
0.197754
0.226537
0.275741
0.216126
0.274242
0.230477
0.232754
0.200599
0.194861
0.156241
0.231931
0.155313
0.233077
0.129591
0.156079
0.151367
0.162391
0.188715
0.204864
0.214213
0.225732
0.213383
0.196411
0.191112
0.066242
0.052712
0.255307
0.226190
0.178889
0.244800
0.181080
0.148736
0.225627
0.171622
0.083907
0.064993
0.083326
0.146869
0.182121
0.178561
0.172914
0.192447
0.182500
0.170625
0.097166
0.199812
0.181187
0.113677
0.094902
0.058963
0.088930
0.141068
0.075543
0.186191
0.226736
0.205667
0.202863
0.148697
0.142162
0.264468
0.229102
0.217327
0.239782
0.162386
0.133435
0.191539
0.219119
0.202511
0.202640
0.151561
0.176323
0.164331
0.249462
0.219818
0.096323
0.082604
0.068592
0.142815
0.083789
0.192158
0.214201
0.217402
0.214239
0.178538
0.240327
0.166424
0.113527
0.144174
0.259699
0.273813
0.217913
0.165483
0.271812
0.275271
0.262783
0.265606
0.249223
0.144427
0.233613
0.130640
0.164457
0.252799
0.256200
0.213388
0.207386
0.194377
0.229477
0.187407
0.252452
0.172174
0.130288
0.260992
0.240323
0.227866
0.236933
0.215740
0.206149
0.226036
0.198568
0.136543
0.110288
0.073945
0.114866
0.240271
0.204984
0.268903
0.212843
0.175904
0.154953
0.217224
0.239940
0.229827
0.255222
0.273635
0.218556
0.207027
0.112135
0.056369
0.127629
0.145521
0.092081
0.193858
0.164396
0.143782
0.228656
0.223330
0.181076
0.225142
0.147817
0.181823
0.190429
0.199322
0.193929
0.224377
0.157903
0.192918
0.181858
0.176276
0.223206
0.222306
0.162565
0.161960
0.099650
0.130793
0.064201
0.138055
0.064589
0.017523
0.017580
0.012234
0.045295
0.033350
0.033076
0.039628
0.024716
0.027858
0.017274
0.041771
0.057338
0.050069
0.012506
0.028586
0.028167
0.022402
0.037347
0.039981
0.025757
0.106444
0.088367
0.042319
0.045350
0.047376
0.112568
0.097170
0.102861
0.073253
0.049580
0.129851
0.145767
0.092711
0.083677
0.202992
0.205664
0.088686
0.065301
0.064877
0.054966
0.050956
0.070668
0.108319
0.182279
0.224439
0.167687
0.138519
0.102818
0.141977
0.180302
0.071407
0.056596
0.059711
0.044028
0.069125
0.088513
0.070490
0.044878
0.058831
0.098233
0.074557
0.105632
0.127447
0.106124
0.150807
0.177551
0.243583
0.214229
0.173404
0.172517
0.128286
0.181523
0.084394
0.201696
0.154799
0.157150
0.131238
0.121588
0.126402
0.119270
0.101068
0.086814
0.043907
0.051802
0.014372
0.028234
0.023153
0.029689
0.030571
0.033793
0.053496
0.035338
0.027777
0.028705
0.048452
0.171657
0.151012
0.137626
0.085222
0.030001
0.027753
0.036621
0.087146
0.039743
0.045017
0.027439
0.101549
0.053800
0.144664
0.057199
0.052660
0.062988
0.052588
0.048780
0.148116
0.059456
0.055300
0.037530
0.042656
0.035433
0.045437
0.032786
0.045808
0.027978
0.030645
0.049207
0.065021
0.040166
0.068183
0.040143
0.041581
0.066015
0.043042
0.049912
0.079472
0.036457
0.037506
0.027908
0.027386
0.046703
0.021044
0.039508
0.043281
0.053270
0.123756
0.137148
0.070792
0.058249
0.039545
0.048895
0.038949
0.029475
0.026539
0.016563
0.041806
0.022330
0.131982
0.059473